{
 "cells": [
  {
   "cell_type": "markdown",
   "id": "5571ebc0",
   "metadata": {},
   "source": [
    "1) Broadcasting intro\n",
    "rules\n",
    "a. shape dimension are read from right to left\n",
    "a1.1-> (3,)-->(1,3)\n",
    "b. for broadcasting to be compatible specific dimesion should either match or be one\n",
    "c. normal operations are applied element wise after expanding\n"
   ]
  },
  {
   "cell_type": "code",
   "execution_count": 3,
   "id": "6a0ede12",
   "metadata": {},
   "outputs": [
    {
     "name": "stdout",
     "output_type": "stream",
     "text": [
      "(4,)\n",
      "(4, 1)\n",
      "[[ 1  2  3  4]\n",
      " [ 2  4  6  8]\n",
      " [ 3  6  9 12]\n",
      " [ 4  8 12 16]]\n",
      "[[2 3 4 5]\n",
      " [3 4 5 6]\n",
      " [4 5 6 7]\n",
      " [5 6 7 8]]\n"
     ]
    }
   ],
   "source": [
    "import numpy as np\n",
    "arr1=np.array([1,2,3,4])\n",
    "arr2=np.array([[1],[2],[3],[4]])\n",
    "print(arr1.shape)\n",
    "print(arr2.shape)\n",
    "print(arr1*arr2)\n",
    "print(arr1+arr2)"
   ]
  },
  {
   "cell_type": "code",
   "execution_count": 4,
   "id": "95920fa0",
   "metadata": {},
   "outputs": [
    {
     "name": "stdout",
     "output_type": "stream",
     "text": [
      "(10,)\n",
      "(10, 1)\n",
      "[[  1   2   3   4   5   6   7   8   9  10]\n",
      " [  2   4   6   8  10  12  14  16  18  20]\n",
      " [  3   6   9  12  15  18  21  24  27  30]\n",
      " [  4   8  12  16  20  24  28  32  36  40]\n",
      " [  5  10  15  20  25  30  35  40  45  50]\n",
      " [  6  12  18  24  30  36  42  48  54  60]\n",
      " [  7  14  21  28  35  42  49  56  63  70]\n",
      " [  8  16  24  32  40  48  56  64  72  80]\n",
      " [  9  18  27  36  45  54  63  72  81  90]\n",
      " [ 10  20  30  40  50  60  70  80  90 100]]\n",
      "[[ 2  3  4  5  6  7  8  9 10 11]\n",
      " [ 3  4  5  6  7  8  9 10 11 12]\n",
      " [ 4  5  6  7  8  9 10 11 12 13]\n",
      " [ 5  6  7  8  9 10 11 12 13 14]\n",
      " [ 6  7  8  9 10 11 12 13 14 15]\n",
      " [ 7  8  9 10 11 12 13 14 15 16]\n",
      " [ 8  9 10 11 12 13 14 15 16 17]\n",
      " [ 9 10 11 12 13 14 15 16 17 18]\n",
      " [10 11 12 13 14 15 16 17 18 19]\n",
      " [11 12 13 14 15 16 17 18 19 20]]\n"
     ]
    }
   ],
   "source": [
    "arr1=np.array([1,2,3,4,5,6,7,8,9,10])\n",
    "arr2=np.array([[1],[2],[3],[4],[5],[6],[7],[8],[9],[10]])\n",
    "\n",
    "print(arr1.shape)\n",
    "print(arr2.shape)\n",
    "\n",
    "print(arr1*arr2)\n",
    "print(arr1+arr2)\n"
   ]
  }
 ],
 "metadata": {
  "kernelspec": {
   "display_name": "Python 3",
   "language": "python",
   "name": "python3"
  },
  "language_info": {
   "codemirror_mode": {
    "name": "ipython",
    "version": 3
   },
   "file_extension": ".py",
   "mimetype": "text/x-python",
   "name": "python",
   "nbconvert_exporter": "python",
   "pygments_lexer": "ipython3",
   "version": "3.14.3"
  }
 },
 "nbformat": 4,
 "nbformat_minor": 5
}
